 -0.02000000 -0.02000000 -0.02000000  0.99939982
 -0.02000000 -0.02000000 -0.01000000  0.99954990
 -0.02000000 -0.02000000 -0.00000000  0.99959992
 -0.02000000 -0.02000000  0.01000000  0.99954990
 -0.02000000 -0.02000000  0.02000000  0.99939982
 -0.02000000 -0.01000000 -0.02000000  0.99954990
 -0.02000000 -0.01000000 -0.01000000  0.99969995
 -0.02000000 -0.01000000 -0.00000000  0.99974997
 -0.02000000 -0.01000000  0.01000000  0.99969995
 -0.02000000 -0.01000000  0.02000000  0.99954990
 -0.02000000 -0.00000000 -0.02000000  0.99959992
 -0.02000000 -0.00000000 -0.01000000  0.99974997
 -0.02000000 -0.00000000 -0.00000000  0.99979998
 -0.02000000 -0.00000000  0.01000000  0.99974997
 -0.02000000 -0.00000000  0.02000000  0.99959992
 -0.02000000  0.01000000 -0.02000000  0.99954990
 -0.02000000  0.01000000 -0.01000000  0.99969995
 -0.02000000  0.01000000 -0.00000000  0.99974997
 -0.02000000  0.01000000  0.01000000  0.99969995
 -0.02000000  0.01000000  0.02000000  0.99954990
 -0.02000000  0.02000000 -0.02000000  0.99939982
 -0.02000000  0.02000000 -0.01000000  0.99954990
 -0.02000000  0.02000000 -0.00000000  0.99959992
 -0.02000000  0.02000000  0.01000000  0.99954990
 -0.02000000  0.02000000  0.02000000  0.99939982
 -0.01000000 -0.02000000 -0.02000000  0.99954990
 -0.01000000 -0.02000000 -0.01000000  0.99969995
 -0.01000000 -0.02000000 -0.00000000  0.99974997
 -0.01000000 -0.02000000  0.01000000  0.99969995
 -0.01000000 -0.02000000  0.02000000  0.99954990
 -0.01000000 -0.01000000 -0.02000000  0.99969995
 -0.01000000 -0.01000000 -0.01000000  0.99984999
 -0.01000000 -0.01000000 -0.00000000  0.99989999
 -0.01000000 -0.01000000  0.01000000  0.99984999
 -0.01000000 -0.01000000  0.02000000  0.99969995
 -0.01000000 -0.00000000 -0.02000000  0.99974997
 -0.01000000 -0.00000000 -0.01000000  0.99989999
 -0.01000000 -0.00000000 -0.00000000  0.99995000
 -0.01000000 -0.00000000  0.01000000  0.99989999
 -0.01000000 -0.00000000  0.02000000  0.99974997
 -0.01000000  0.01000000 -0.02000000  0.99969995
 -0.01000000  0.01000000 -0.01000000  0.99984999
 -0.01000000  0.01000000 -0.00000000  0.99989999
 -0.01000000  0.01000000  0.01000000  0.99984999
 -0.01000000  0.01000000  0.02000000  0.99969995
 -0.01000000  0.02000000 -0.02000000  0.99954990
 -0.01000000  0.02000000 -0.01000000  0.99969995
 -0.01000000  0.02000000 -0.00000000  0.99974997
 -0.01000000  0.02000000  0.01000000  0.99969995
 -0.01000000  0.02000000  0.02000000  0.99954990
 -0.00000000 -0.02000000 -0.02000000  0.99959992
 -0.00000000 -0.02000000 -0.01000000  0.99974997
 -0.00000000 -0.02000000 -0.00000000  0.99979998
 -0.00000000 -0.02000000  0.01000000  0.99974997
 -0.00000000 -0.02000000  0.02000000  0.99959992
 -0.00000000 -0.01000000 -0.02000000  0.99974997
 -0.00000000 -0.01000000 -0.01000000  0.99989999
 -0.00000000 -0.01000000 -0.00000000  0.99995000
 -0.00000000 -0.01000000  0.01000000  0.99989999
 -0.00000000 -0.01000000  0.02000000  0.99974997
 -0.00000000 -0.00000000 -0.02000000  0.99979998
 -0.00000000 -0.00000000 -0.01000000  0.99995000
 -0.00000000 -0.00000000 -0.00000000  1.00000000
 -0.00000000 -0.00000000  0.01000000  0.99995000
 -0.00000000 -0.00000000  0.02000000  0.99979998
 -0.00000000  0.01000000 -0.02000000  0.99974997
 -0.00000000  0.01000000 -0.01000000  0.99989999
 -0.00000000  0.01000000 -0.00000000  0.99995000
 -0.00000000  0.01000000  0.01000000  0.99989999
 -0.00000000  0.01000000  0.02000000  0.99974997
 -0.00000000  0.02000000 -0.02000000  0.99959992
 -0.00000000  0.02000000 -0.01000000  0.99974997
 -0.00000000  0.02000000 -0.00000000  0.99979998
 -0.00000000  0.02000000  0.01000000  0.99974997
 -0.00000000  0.02000000  0.02000000  0.99959992
  0.01000000 -0.02000000 -0.02000000  0.99954990
  0.01000000 -0.02000000 -0.01000000  0.99969995
  0.01000000 -0.02000000 -0.00000000  0.99974997
  0.01000000 -0.02000000  0.01000000  0.99969995
  0.01000000 -0.02000000  0.02000000  0.99954990
  0.01000000 -0.01000000 -0.02000000  0.99969995
  0.01000000 -0.01000000 -0.01000000  0.99984999
  0.01000000 -0.01000000 -0.00000000  0.99989999
  0.01000000 -0.01000000  0.01000000  0.99984999
  0.01000000 -0.01000000  0.02000000  0.99969995
  0.01000000 -0.00000000 -0.02000000  0.99974997
  0.01000000 -0.00000000 -0.01000000  0.99989999
  0.01000000 -0.00000000 -0.00000000  0.99995000
  0.01000000 -0.00000000  0.01000000  0.99989999
  0.01000000 -0.00000000  0.02000000  0.99974997
  0.01000000  0.01000000 -0.02000000  0.99969995
  0.01000000  0.01000000 -0.01000000  0.99984999
  0.01000000  0.01000000 -0.00000000  0.99989999
  0.01000000  0.01000000  0.01000000  0.99984999
  0.01000000  0.01000000  0.02000000  0.99969995
  0.01000000  0.02000000 -0.02000000  0.99954990
  0.01000000  0.02000000 -0.01000000  0.99969995
  0.01000000  0.02000000 -0.00000000  0.99974997
  0.01000000  0.02000000  0.01000000  0.99969995
  0.01000000  0.02000000  0.02000000  0.99954990
  0.02000000 -0.02000000 -0.02000000  0.99939982
  0.02000000 -0.02000000 -0.01000000  0.99954990
  0.02000000 -0.02000000 -0.00000000  0.99959992
  0.02000000 -0.02000000  0.01000000  0.99954990
  0.02000000 -0.02000000  0.02000000  0.99939982
  0.02000000 -0.01000000 -0.02000000  0.99954990
  0.02000000 -0.01000000 -0.01000000  0.99969995
  0.02000000 -0.01000000 -0.00000000  0.99974997
  0.02000000 -0.01000000  0.01000000  0.99969995
  0.02000000 -0.01000000  0.02000000  0.99954990
  0.02000000 -0.00000000 -0.02000000  0.99959992
  0.02000000 -0.00000000 -0.01000000  0.99974997
  0.02000000 -0.00000000 -0.00000000  0.99979998
  0.02000000 -0.00000000  0.01000000  0.99974997
  0.02000000 -0.00000000  0.02000000  0.99959992
  0.02000000  0.01000000 -0.02000000  0.99954990
  0.02000000  0.01000000 -0.01000000  0.99969995
  0.02000000  0.01000000 -0.00000000  0.99974997
  0.02000000  0.01000000  0.01000000  0.99969995
  0.02000000  0.01000000  0.02000000  0.99954990
  0.02000000  0.02000000 -0.02000000  0.99939982
  0.02000000  0.02000000 -0.01000000  0.99954990
  0.02000000  0.02000000 -0.00000000  0.99959992
  0.02000000  0.02000000  0.01000000  0.99954990
  0.02000000  0.02000000  0.02000000  0.99939982
